197560
193636
195193
199774
200475
202514
198730
201258
200250
201847
197911
206210
199788
200162
208127
201156
199533
207138
202573
196921
203236
201520
207107
208543
197278
200557
196347
200988
202446
196989
202285
206191
199551
202735
203248
205637
201584
206662
201770
212227
206910
202515
200689
193300
200909
211189
210220
210545
203142
198127
208186
199424
198433
205409
205717
204186
199626
201693
207797
205628
205936
203354
202075
207361
199214
204148
206027
197498
209721
207089
198237
202871
201576
198698
199838
194141
195301
209093
202995
198070
205314
198617
200442
199889
197579
208896
204784
199348
203333
204120
206642
207170
207707
206951
208939
204841
201746
194484
201888
197569
200667
201915
208828
200781
197055
205331
202673
197068
205884
205919
195746
205606
198294
201689
200332
200518
203294
195646
198821
203073
196267
210038
195724
203091
211933
209008
200156
205526
200904
189558
194292
204820
195941
201583
211313
195294
199363
199846
208869
202589
201015
201773
210938
200837
191527
199824
204628
203028
201478
195148
209145
203578
206897
198968
204846
206201
205126
204787
204496
209674
199615
203415
201630
200152
205117
198364
208667
201518
201073
202521
202050
201037
204420
207021
205919
199213
192076
201121
208042
207534
205956
197013
203871
203009
205582
203128
201613
205212
205367
204693
197520
198194
202865
205019
209325
209100
207277
200672
195597
199608
199569
203212
198996
194427
201901
201901
198530
196399
211178
200583
204182
199311
206843
199849
195986
206317
202152
203721
198513
198081
198961
202298
198758
205187
198273
198625
198909
208685
204267
196254
199055
203984
198891
198932
203416
201059
205018
204965
208650
205784
202606
201067
208516
201705
202805
202841
200582
201024
204918
211110
198738
196494
202600
191036
199682
203547
202025
196994
203015
197026
201533
207599
202080
211006
205875
204192
199636
197845
205364
205233
202740
213241
205840
209702
204128
197771
200978
203620
202694
193727
200325
202519
205558
198469
200353
209042
200252
208323
200196
205776
203650
204332
212391
198874
201628
213956
197348
193074
209374
202517
203656
200905
214682
204349
202101
202915
196020
202637
208621
197298
197990
203252
209910
194517
200357
204003
199928
205257
198308
201824
203993
203892
199599
205957
198197
200098
196292
213763
203706
205811
199236
200057
202347
205270
205939
210115
205679
205156
203536
199894
199516
213539
200981
205133
200643
204907
204750
199854
204036
202567
202470
209008
198208
210190
198879
203855
207268
199443
195275
201229
203139
202179
202522
208971
202108
204489
196337
206548
196679
198731
213058
195288
202943
207392
199727
198087
202177
197638
203647
201957
202131
204182
202614
203871
205861
196544
204223
211476
202085
209837
206092
194461
202148
203845
208184
202141
203103
201195
200952
195853
208422
199160
194607
199155
198740
206772
200104
205172
201568
206713
194882
201992
199078
197551
202849
200096
208203
203862
202805
204274
201563
206848
204180
198859
206617
206652
212205
201031
201860
198041
206758
202896
202168
198811
199629
199307
207591
202433
209920
199000
202527
201438
208364
207584
199296
201786
210160
210558
202897
204006
203653
201289
193415
199374
202169
211939
204964
207378
202716
201018
201346
201094
201187
213186
202436
198978
206500
200984
202604
198482
199886
203760
210067
201388
202238
201599
200262
195990
200484
204515
196814
205008
201824
196515
199990
205828
194268
195428
199771
207001
207810
213072
205167
205610
204835
203535
203284
205969
203925
200819
206374
195960
204597
200302
203107
203716
209310
203938
205262
208795
199321
197327
201924
204874
200622
201083
203164
194432
192952
207397
207927
199061
202968
208134
203599
208925
209502
208863
196129
199820
194338
197959
198544
202785
198871
193128
207598
199976
207607
211601
199601
198145
206704
208687
198248
198906
204202
198392
205303
199427
201851
203392
200711
201618
195314
200473
198581
204335
195772
207578
199799
210745
195632
200211
205463
202255
197422
202078
199427
205187
207742
203123
201920
205509
192906
202192
199004
209889
199324
201937
197674
196583
203213
208307
188021
200445
205530
204660
205062
203871
204715
205049
198693
205261
207007
201484
197815
210967
204357
201910
199645
203891
194484
201363
202784
200979
205440
202456
200342
209954
197419
200528
205832
205523
207301
206900
203840
200183
205226
201093
204801
208980
199233
197771
199803
202641
197046
205149
207265
203536
201626
198544
203667
199519
200721
199294
200976
199540
207305
198147
194791
202354
202342
206158
208488
210531
203513
197124
207460
204264
205443
207663
205584
200450
202860
196670
200758
203158
199796
198089
209717
206926
205969
191741
200099
204703
207501
204171
206168
207125
204136
199993
207087
201226
202150
198943
202326
204155
200626
206073
202428
205183
208346
205987
203164
206493
199945
205296
205042
207400
203201
203349
209466
203275
195208
204246
198672
199169
207043
201645
208466
203344
200925
207755
208373
205588
206750
200592
211328
196476
202262
206167
200128
200785
199942
205529
200488
205740
199759
196460
209452
208624
209532
201827
205451
200778
201393
199817
206059
197656
206712
195905
203540
202752
201241
207306
205592
201244
201635
200965
199478
202331
200903
209208
197787
199040
198788
198271
202628
202192
204299
207633
201819
208648
201898
203970
201610
199113
203836
193762
204604
204365
203151
208645
201093
200388
202793
201670
201282
207088
205476
203857
200924
201836
206925
204091
202503
205156
207216
200492
197968
195110
198760
207880
201129
197953
200034
200409
195049
199777
206455
203525
205368
203695
201782
202643
206006
206387
199613
203608
203902
200384
193537
202637
200620
198010
195423
200090
201090
193411
202487
202329
204668
201472
208023
197768
200272
205029
207496
193842
198537
207049
206634
202771
206078
214789
202852
204194
202148
196685
206456
202512
203581
206089
192552
194980
205499
199325
196477
202415
196785
201494
203763
201251
203058
206939
209647
200731
200526
209403
205734
196900
201936
204421
203043
209132
202367
204726
195750
210862
201328
206657
203098
205587
206411
205905
199674
201921
200283
199443
203535
200255
203053
207841
206726
203017
207174
205974
209624
206038
209910
202654
199738
201407
206243
193507
204211
200592
206563
198059
205665
199983
196600
216825
196572
197598
201071
205493
202365
206378
196912
201698
203434
194644
200840
210084
200768
201080
203897
201700
202330
198525
207336
210140
203727
199489
200070
199041
201750
196431
193058
207900
214965
204904
198706
203413
199307
204757
203142
196087
205730
204696
200868
200656
206968
207515
203562
200724
198539
205901
200733
198644
204244
204114
201604
195537
205378
202389
205017
203878
201966
205010
205112
193430
204284
204198
210409
204885
205665
205129
200412
205221
200589
199010
198563
201554
204538
199803
205751
198081
205641
207390
203081
206197
195645
197691
198181
203802
206913
199176
202920
204962
200634
199079
206025
203979
203628
204819
206716
203328
205882
208531
213010
205538
214036
202695
203593
197767
197445
206606
202004
199460
211661
196106
204000
203974
203727
203001
201677
198176
201211
193991
200869
203862
207642
202740
208189
203782
200623
197659
204213
197522
200387
202816
206336
201009
198859
202569
203556
200148
197298
213269
198266
203618
203325
192485
195170
207257
205228
200435
206537
210786
199715
197761
206525
195988
210011
203334
199649
205748
205559
201138
205248
196450
197781
209214
206943
201733
202792
209483
206462
210653
200053
199445
201997
198088
201352
202351
203514
201902
193937
211199
208004
203800
204422
202362
208373
195812
196742
201903
198212
196545
204432
201217
207941
202616
211943
206494
193464
209266
209108
208514
214210
197418
203851
207588
203669
203941
204356
203312
195732
199586
201332
205642
202270
205319
206383
204540
201231
207479
200138
197750
210207
201328
210657
204754
193581
192401
204379
203797
204527
204262
204506
201944
204299
209291
197657
204847
196578
198429
208187
199790
205124
202258
199346
200421
216987
203541
199154
201218
203283
197028
198939
209019
209082
208331
206218
196219
206414
203085
191329
200954
204218
201410
197014
197865
201507
210295
197423
212313
204622
202102
200233
201332
201515
206797
205991
200601
201374
207508
194484
205678
201865
206478
204893
198308
208263
205761
204493
201546
197864
199717
198155
193867
206050
203554
203764
196825
207411
205488
200621
196139
208637
206287
203325
207197
201769
196912
204810
199600
209898
195455
204106
199647
207361
203579
208311
205309
201727
205136
210866
202930
203821
201628
201856
203904
198716
196714
199636
197557
202351
201288
214243
201927
205606
195742
207983
205151
203313
200953
207476
205823
204619
197611
196328
207282
208139
200072
200963
194327
202864
207800
208760
209105
203746
203221
203548
201097
200890
209514
203379
201647
201516
199947
206744
205097
203997
194406
201915
206619
205065
196691
205755
201692
208435
208831
208849
198963
203293
197968
200484
207903
202242
199478
207904
199042
215312
193431
202465
204494
200383
201423
209802
193336
201156
201305
197682
202240
204707
201067
196942
202243
203996
201788
198974
197705
203319
201252
201664
206029
200667
199252
213884
213157
195573
200563
204248
207189
207440
197786
202361
204519
204414
198421
202452
200484
204177
202315
203201
201875
199899
203301
197255
204368
204096
204546
207581
199454
204074
204342
196241
199843
201177
204248
199075
197970
204205
205437
197217
199970
200386
210356
205862
203086
200309
206323
211184
208544
213797
201831
201664
207737
200240
202410
210548
205233
204095
204726
203641
204046
199602
197521
205953
198066
195974
199677
202719
200194
202742
198757
200566
200242
195893
197155
201170
203300
205840
199118
200482
197783
210487
201731
207452
206645
196187
208748
209483
212068
198910
199513
206356
202122
201421
209238
199356
211429
205647
203043
211950
206903
197834
210134
199155
206648
198181
201152
204319
200482
208024
197337
209777
199875
195785
202111
204396
199992
197831
194728
200307
198973
201404
196198
201214
205650
210072
198848
202255
204840
199147
196767
198795
200730
205864
200833
195428
208935
202344
204425
195665
193829
201824
202798
199477
204912
205222
202421
201425
201592
202459
201421
197576
203914
205887
198986
197351
200606
204409
198465
198823
202658
194441
197651
206305
200288
197316
204418
199625
208030
203650
199681
202501
204761
201555
200680
203167
198491
203980
201430
198454
199994
200583
205338
205006
202269
198194
199866
195999
203061
200047
206975
204677
200466
198743
210228
201541
205725
201892
202261
202606
203214
201859
201952
205600
206272
198458
198049
200758
201366
206129
200806
198722
197004
207164
200330
200120
202418
200244
199186
198384
205413
202047
203982
209196
202514
202909
204164
193656
198940
203824
197607
185622
202295
199413
203935
207159
201108
203052
197460
208946
199923
200933
205340
201293
200926
201701
205788
202928
202921
205644
203509
199551
208079
201648
201679
207412
201066
198890
200723
206706
204177
210162
197973
195780
206763
206185
207414
191265
199861
208926
204356
192879
204567
195814
199624
213136
207458
200999
204323
197446
206091
203430
192291
207618
191861
194754
195521
208074
204398
202049
192572
201432
201977
204214
194115
199811
201996
202132
205072
204248
206084
208744
196107
206612
199037
197767
198725
197320
207349
198381
199919
203172
199748
201980
203927
204729
204776
208086
205732
198645
205512
206474
201705
203590
208596
198700
199745
197672
202312
202783
200229
194148
201219
205921
202875
205594
197986
206146
207855
206460
199481
199524
196112
199276
208942
198788
195623
210648
197858
203408
204139
197810
203115
201044
207036
205817
195183
203468
206450
200066
204376
205118
201726
197346
200378
199996
200101
206520
195697
199535
205373
203280
201699
200284
204572
196762
209376
211012
201154
202770
206490
200634
208386
202472
207118
210815
199933
202616
199687
200584
202395
201774
202052
194920
206182
203519
204495
202648
202790
203020
201429
205404
200925
193512
204415
196286
202933
200399
199747
200851
205466
195972
201318
204483
203609
198520
204297
213471
201136
200906
201397
206511
206503
197288
207943
191927
204747
204775
207108
205507
197064
203284
198752
199791
200599
196716
198383
208117
197246
198802
199653
209204
194169
207883
210391
199093
201945
195968
201352
200055
198255
210109
202563
205200
200579
209236
207791
204313
202543
209542
204023
201506
204238
206154
201502
205441
207065
199535
195709
201606
209770
203098
200724
197356
205915
199186
204106
207079
206707
208658
203051
204937
203288
200327
202451
200689
203940
210190
204926
204713
205147
198781
212591
201369
201680
201379
201574
210334
201492
198325
208066
202114
201663
203413
201697
195587
203918
208625
204229
200726
204430
205469
197981
200117
208821
207790
197715
199165
194378
201531
201503
202108
209444
206336
204466
198485
205445
209331
203951
204654
198324
204414
202762
200327
206521
205397
202567
207179
205177
205811
201861
206998
201143
205074
202562
206427
190143
199106
202369
201347
198768
205482
199615
203527
194645
208358
198815
200838
207807
203238
203770
205572
204155
197668
195957
206098
199320
200854
197558
204627
205763
197046
197318
195756
205704
204076
199335
211993
202945
199432
201269
202442
197272
198158
202228
198524
210613
195787
209831
211526
201084
203474
199781
201822
208699
206559
201255
202611
210100
198812
199633
205705
203973
203664
202425
203388
204177
198637
204714
197734
195870
196628
210640
209544
202714
205049
204858
202584
195739
205842
203026
205138
199982
200166
206541
201167
210333
200363
195973
198081
202541
208404
204601
199377
195256
201964
196525
208507
203892
208620
199419
199595
199005
194595
205633
206979
212551
200496
198335
208213
205011
194180
196097
200032
202844
197503
205913
206492
195903
200994
196842
198267
193728
200878
198069
206265
206856
197227
195596
199244
199641
195754
202961
206385
201442
205995
209803
198942
202329
202752
208638
196927
208270
207964
208301
195765
209826
203469
200626
207276
198003
203644
197987
195884
200201
202105
205390
200131
205922
206193
203556
206725
204549
212027
207759
202532
203006
203880
202987
203982
201212
202059
198854
193026
205126
203913
193683
197305
201746
203144
208207
203159
209546
205612
205425
195013
208299
198263
202058
201541
191279
201056
209020
197781
205725
201082
201933
198417
201373
206858
201024
200926
207801
200212
213130
199268
203087
205653
203057
208612
197326
202859
201774
213221
204535
208708
214899
197247
207330
213626
205753
205270
204707
208720
201924
198222
207642
205339
195395
206102
205940
205988
203844
200844
200076
204377
200942
210788
201061
201107
200746
197649
203957
206140
197897
203712
205260
200713
202880
195044
206854
209730
213555
202212
204181
202818
208785
200278
194749
198697
206416
201447
195922
195535
204088
203341
204598
210183
188890
203774
207176
205277
201559
198832
205445
195936
204233
206777
190061
209143
198268
212503
197312
206768
204811
207749
199716
195110
203637
197505
197060
204575
202559
198556
199978
203730
210734
203906
206191
208445
200397
201464
202434
202637
207142
211961
200397
199708
198137
202426
204021
200089
198449
192841
200022
204805
206145
204122
203146
204284
207383
200804
200983
205844
215442
206599
205867
198488
204969
206477
199205
204272
206175
205563
208895
204667
202400
198646
202456
203414
205197
202177
207238
194637
204288
205820
198849
202720
202838
210823
213853
205417
195474
200449
199285
211660
208965
201142
199084
202193
199285
197429
209193
205597
198622
196548
199703
208042
202514
203684
207479
203163
203564
198569
203869
204483
206832
200968
199003
197967
202800
202857
196833
204847
202290
206066
203288
203081
201302
205606
196665
200792
199123
190763
195970
205316
198856
206684
203708
197106
207532
201313
202622
207800
199402
212469
207983
203455
201032
206013
207073
201319
202920
206027
193253
203656
205234
200518
201271
210633
205377
205091
205851
205606
201495
205595
206371
204099
209330
198091
207703
199665
201897
201889
196893
201179
205264
200386
196720
202868
202196
209443
202611
200025
207710
197265
210909
202365
206051
194517
194857
206514
206110
196171
209250
202456
196926
202830
198165
202612
199865
197326
193144
196840
199961
199144
202955
196397
208614
205067
203969
198469
202725
206584
200421
207959
205568
200987
203842
202365
196152
211419
202043
207985
195164
206165
207099
202370
207605
208560
193528
201864
198837
207301
205696
202245
200256
197601
195029
204112
200893
201168
208934
199078
205139
202605
205393
205360
205867
202900
199573
197812
202570
194552
207472
200362
203125
203395
200121
199349
213625
202091
203872
203447
194059
202363
203065
201937
200499
209494
200780
203167
212341
201663
200483
209995
197151
210996
215042
207833
198926
209205
197290
202357
196689
204291
210124
198325
202300
203413
193776
202543
198805
206158
194951
200663
209032
197240
195680
198377
198815
200547
200717
203985
205018
203362
199899
203308
201602
204351
209793
207150
199101
192949
201114
208019
205254
205395
197067
212510
207179
214401
202064
193671
206642
206718
209254
204302
205069
194638
200852
204642
204107
205638
204245
195018
203301
204953
200128
206263
205104
203994
200369
198469
203724
201756
200474
204618
200404
200591
203742
205328
197137
199457
197454
200287
200806
206481
195302
198004
207244
206201
204418
209864
200952
201047
212837
203361
198776
199480
199672
208084
195042
205260
199404
203217
199256
195536
201047
197962
210621
204994
205978
200201
202578
202670
200039
199104
197525
204207
202064
208205
207797
210266
202928
189820
200626
202587
193953
206157
212001
198884
205046
204831
200913
196396
204012
200317
203924
213496
202773
205152
204167
206980
204306
205368
196868
213858
201072
202216
198783
193751
199541
196298
199489
200631
205610
200148
201913
203718
202685
195623
200248
206272
205337
205765
193922
200874
202999
205209
192930
202408
200091
207082
200071
199582
203348
199428
207643
198010
195296
209907
195027
203654
204280
204446
203478
195900
202517
203530
196517
204157
196165
206404
198497
205444
201246
205743
206063
203918
200883
197753
202687
200630
202124
205720
198524
199489
194310
207962
200281
203309
193982
208445
203211
200359
201414
208004
200054
201677
201537
204272
205355
204743
212166
202633
203768
202401
208045
205172
203157
198442
204516
194564
203547
204156
202842
211900
196104
211799
194706
209647
200459
207202
201191
200192
205690
209510
197440
199590
193777
202779
198999
206498
193777
208297
202438
199421
186994
205033
203304
199136
210373
207099
204124
201447
195320
198808
205509
208828
207791
207982
202977
202318
206120
202780
197006
202475
204224
207162
202707
195382
191079
204489
213142
204401
206440
196390
207214
198330
208068
202679
198913
203359
197793
204886
203660
195659
200347
199987
199445
212465
207239
201150
203058
207814
204550
207522
201481
206760
196637
212756
210548
195330
200993
195457
207964
199256
202050
199722
208117
201274
200875
201940
203375
199049
199652
197940
196357
201197
209119
202171
204682
202770
195326
206183
204537
200026
205038
209258
207871
197895
200811
197438
201846
211109
204842
199096
204930
194852
201853
209527
203135
199566
194258
211586
202958
200381
203527
200971
205445
205881
203846
201280
204667
201165
207146
202802
203569
205716
202665
207392
207599
206057
206496
202827
209901
206901
202279
208947
198199
206837
202522
203568
197111
198274
197372
204923
205355
207818
199512
198089
204263
196538
208384
201628
209853
205779
197835
196204
205854
205029
200679
199692
203254
213362
200778
200210
204889
202240
202388
208360
196778
200767
198902
205891
192113
201095
204104
205410
202967
206753
204788
206760
198868
214327
202384
193311
209750
205749
199599
203006
200646
202051
202589
198375
199268
209282
211819
200981
196411
202958
202130
211124
204777
203287
202179
200683
204958
206091
206477
193545
203235
202173
199247
205167
195520
200896
207128
194481
195974
199949
209245
201076
205970
209814
203332
199253
201153
201476
209633
204887
199045
209003
196428
198033
207490
204367
205435
203529
207760
207669
202393
206520
196746
215328
203489
193852
201158
204457
210423
194252
208889
203857
204858
205304
195669
202611
205791
198064
200104
199361
203439
200028
207499
203911
201807
193630
201135
196693
203396
194306
201233
199739
201073
205180
209643
207119
197654
204805
196830
201212
211392
197492
203713
214834
202499
196682
206063
202250
199926
197569
204721
197760
204785
202729
199253
202831
200086
207743
195557
199027
208465
195184
200082
209761
204643
201932
202599
207638
195305
204851
207466
204363
199027
204280
206472
201110
211896
204693
197722
200077
200998
205130
196684
209632
198295
199077
207129
198554
201552
202047
205184
199103
209243
198618
196494
200999
204325
197332
209987
205217
202765
202714
198451
196315
192171
207949
209302
198908
197557
198078
203160
210513
200631
202463
204140
201291
205295
198180
200564
201524
201798
201463
202059
204159
208417
205692
200521
209553
203463
206453
203555
205879
209183
201809
205804
204209
203654
201779
204500
205021
206408
201455
202702
208857
202601
207306
208724
201289
201588
207237
194015
198671
211372
200647
204116
209432
204985
202865
201579
194772
199438
200586
211263
208152
202706
199793
211464
218185
197233
203550
203488
205396
197421
200092
200518
197984
199093
208945
211094
199387
204795
203108
198475
200122
204595
210866
203041
209572
203947
192304
195840
202121
200837
205650
205955
199696
197505
205030
202420
197569
196953
198646
204950
198335
207620
195865
202930
196900
201732
205912
202259
198888
202092
206142
194730
199780
200183
202612
201636
201376
203045
194294
204140
208121
210732
205480
205218
207392
203912
204961
205516
204442
203726
210322
202197
205611
209108
199663
202498
205573
199295
210104
215451
203748
203375
200293
205968
202403
195538
203681
203140
202087
202093
207127
204506
205057
202348
203288
193101
211274
198924
193014
205498
208109
206826
192509
189118
202616
203214
205148
202534
198729
207594
201284
205474
194985
199548
200285
208752
204377
195540
203290
203337
203196
205227
208152
203211
201366
189246
194196
204463
205228
210374
202566
201856
206838
203217
199606
206713
205077
200945
204912
205871
206788
190455
207859
198224
209136
195902
207769
196914
206450
208890
202278
210199
203239
212184
197571
197539
198082
206386
200855
205009
198883
197213
193603
205872
208380
195238
200439
204662
195538
201951
197935
201784
208364
196562
206761
204957
198394
210530
200725
201145
198381
210969
197891
203235
207711
212486
197253
202640
206208
196917
200717
206060
205320
209141
205189
202075
197269
209218
206462
203320
195069
203149
196682
203075
202731
204048
202430
201670
204368
199301
198198
201844
198859
197362
202356
200868
200937
207444
203669
199083
198851
200876
199400
203704
209798
210024
208745
209549
194901
200512
206993
196362
205642
201887
202356
202099
201367
196670
198310
208556
210527
198700
203065
200418
203196
195405
204216
201481
195413
202313
205156
205323
202648
207003
196059
202142
199895
196640
192163
208452
198463
204191
210152
206709
201581
198195
207979
196566
200481
201568
200950
202519
195246
208759
204885
193366
200350
207682
199277
199970
205006
208660
203427
193601
205122
201931
198339
211416
202202
203089
206598
209198
206277
202149
204965
199527
197748
211755
203809
205183
199860
198452
201471
201111
200301
206740
205885
198279
209153
200250
205191
199803
202467
205380
205292
196297
192568
201384
190470
207617
195968
201667
211455
204832
196415
208273
205391
204961
203303
206452
195693
200193
211478
202028
206925
208546
204175
206957
203313
207810
202610
201793
201216
210965
204984
193896
207862
201495
195132
206581
201274
208523
197869
206822
206448
196961
201651
193606
201585
211727
198237
201674
204214
207051
199662
200091
212795
208852
204567
209901
209686
207478
205567
205705
199916
208204
203388
204918
205732
204995
205716
203440
205901
204815
198996
210197
200083
195240
205038
201032
207985
207750
200785
219435
199760
198012
196071
211638
202097
192293
207479
201896
199025
204736
204986
207185
203195
207085
208816
205279
202994
197477
205791
209490
213889
201273
199712
201914
200425
199657
200356
204223
201481
197127
202968
202999
203478
199919
198531
208979
210970
199371
203740
191399
200459
205799
203226
197928
200828
200065
208002
209510
201470
202363
195678
203474
207465
205196
206996
205094
211471
189627
192697
199709
206275
201678
202417
201951
196407
204074
213175
196667
201194
193064
202797
198533
208151
205457
196476
205202
200398
202611
198983
206247
206305
206137
197942
211687
201590
198716
206591
205970
192169
204091
204537
201025
209044
204485
201038
201418
200997
200919
196670
198723
209281
202122
197751
199405
207384
201144
207725
205346
206662
198466
201858
204696
194107
213546
195909
206237
198452
202336
205870
197577
199712
205068
208985
202628
198868
201684
208874
206463
204555
207658
206753
201473
202037
209009
211568
213389
199870
202109
202311
205545
204686
204817
204408
206865
207659
205744
196321
204418
201771
206203
200178
194381
199136
200117
198732
202219
204231
202955
206681
206605
192913
203593
199807
199698
201207
198697
200754
204439
207750
208055
189916
205090
205435
204041
197785
197182
199601
207899
199613
208473
201933
199126
202696
203308
201543
201208
207468
207439
203113
198661
206691
201149
203529
202690
201549
202680
193665
198674
195215
209799
205353
208777
205999
198937
199951
196424
207280
205459
194615
204330
204478
195484
199874
203272
207616
210397
210185
200970
206490
211545
193199
200333
204264
202265
203827
207935
200275
198699
207478
201998
203219
196381
197313
200727
196810
202675
202929
209706
205041
201058
193856
201950
203770
203024
196417
205261
203061
205633
203044
196164
199922
204407
202480
206693
203758
205996
207001
201126
206583
201434
200497
197899
204474
199655
203328
202078
200234
191164
212095
203906
204423
193793
194554
204041
203192
204341
204781
198340
200885
202332
207887
202060
205352
199904
201898
200392
198267
199661
198137
207987
202239
200828
200510
202188
196340
206388
201956
200248
205482
204851
195575
195251
204025
201466
200327
199235
203773
208149
194662
198814
206241
196630
203872
195361
203106
197869
203484
194913
206380
193879
201099
204082
194767
198385
211686
194343
197489
200044
196367
203182
207394
196273
204618
207895
203778
201189
202731
202725
209372
198989
200606
197371
203201
200020
205182
200845
206004
203225
197129
203350
205487
202598
210840
199410
201763
199977
198125
202391
202374
198591
204943
200987
208509
202091
197267
208016
198299
199915
202028
201739
202340
198225
202071
202655
206650
198092
196699
210063
207133
205656
210470
202254
200314
201706
204859
205875
204250
198325
208183
198974
207460
207384
205357
204486
196998
205102
204570
203109
206885
195893
198505
211306
205207
188592
200074
201189
202694
198661
205317
202909
206128
208637
196215
205714
197769
201568
205687
204866
191306
205218
203276
199264
199842
208111
211115
204318
212980
199127
199892
206770
201555
200558
204453
203857
201639
203753
203570
198319
202037
208727
195613
200512
201950
194960
197670
204056
204119
206083
201464
204593
208666
207762
201751
199023
206788
200562
206000
203151
204916
205201
209646
197100
202395
195773
201009
200119
200902
205968
205188
205450
204806
208658
203976
204470
197363
206366
208976
212739
207830
207189
204060
206073
199733
205877
201188
203077
204006
194604
207256
194584
200011
191751
205628
198531
206523
206790
204988
193193
200257
204307
201194
196236
198230
199642
209005
205442
203120
202649
207017
207205
194683
213598
201864
206758
208984
208040
207110
207864
198157
206756
210411
202487
202127
204659
209310
209147
204375
206846
198766
200958
202672
204992
205144
201486
199986
207846
205984
205664
194462
196765
198297
199581
208595
213329
198201
211616
205885
200071
201680
203656
197049
198467
205387
206643
204353
204337
198293
204393
201174
205968
211168
202364
201770
202140
213979
197475
207529
194725
207988
208351
209720
205764
206768
205132
198766
198563
196869
200084
209048
208839
205989
198415
201620
204267
204775
210249
199787
197823
197845
204250
199172
211125
210027
204695
210027
202182
207118
209583
201104
203427
200980
198753
209520
205675
199650
207223
199269
200409
201571
194926
203150
202562
197927
207828
200038
201444
210275
210659
208245
198706
200526
200502
202788
201252
208827
198286
207211
204171
195449
203952
191196
204803
205882
192822
198622
201808
204572
198517
207339
202487
203730
200862
201029
199902
200482
198168
201592
201923
203871
206439
207058
204666
204113
206564
209037
207183
203537
202954
194052
201739
207165
207167
204443
205132
199624
202258
205518
199498
202843
206747
204484
206347
199724
208533
204451
204480
202345
198709
203332
200742
206936
202626
206549
204679
200970
205609
195809
200738
201445
203117
200113
204734
201307
202430
204079
207399
208711
204421
204259
199264
196516
200960
197798
202852
203018
208092
199431
196366
196387
207512
209329
213260
202301
198119
205912
199746
205090
197234
195629
200957
198567
208376
204988
201875
200515
202401
206108
207872
198661
199079
201060
201987
208285
203092
200913
205867
203285
195426
196404
196354
205689
197155
197300
205026
200242
203658
209288
204762
196352
201520
209884
206267
204961
211484
207022
201638
210243
201392
197843
200608
201289
198093
207794
198913
198510
203362
199157
212803
205546
199111
199013
192082
209882
195405
209273
207040
206516
196492
207296
201480
202902
205108
198780
208690
196548
203889
201045
200385
196014
200632
206139
196877
198658
195995
198006
201207
201591
203843
197496
203984
202497
214283
204639
204519
205831
207956
195852
194516
212878
210080
199548
201044
201304
208047
205446
207260
201863
201037
203549
208550
201813
202080
204848
207139
194716
207007
204162
202766
202534
195902
202478
205053
198792
201419
200787
202193
196785
208918
201887
204757
206040
204487
199334
204436
194248
202629
204194
199987
209904
196916
202299
208589
199903
203437
207247
203175
200198
198590
196797
194604
209043
198813
200968
202108
205243
205529
207687
197688
205566
204440
213040
203747
200245
198278
203347
195924
198190
197007
198581
208674
203200
201415
204189
200695
199933
199607
208985
205096
196269
207697
203419
203285
200396
204880
199494
201351
204899
203974
205516
207039
208419
205344
200153
201670
197900
208222
207304
199413
193868
198192
198328
197311
199045
201011
201301
206219
199353
202043
196620
204648
203080
207290
203460
201208
195757
201533
204212
196126
206206
199222
205740
205248
203100
201709
208474
205466
200183
200395
196825
206671
203186
207174
204214
198380
202772
192849
200727
203370
204052
204914
197439
209096
197556
208764
193559
201939
210718
210189
204035
199218
203102
209627
202606
200772
207808
204007
206725
213442
200512
203512
208451
198117
197543
206035
202450
205139
195378
201864
205501
194955
203488
204915
203695
202467
204438
203146
207123
203626
205065
200035
201149
200914
199968
200144
209627
207719
208249
202306
202557
203994
205814
199732
206298
206871
200630
201057
206910
201491
199233
202115
207237
193304
203691
198551
200266
203722
207515
200226
200522
205638
202858
200728
202412
204410
200549
200119
206442
197855
198128
203019
200275
196893
197548
205261
196474
200933
202253
202029
199790
201383
208244
192575
201811
200744
197600
201144
200801
193894
205180
210789
202863
200379
203134
209081
200300
205285
197652
213490
206272
206337
206881
209758
201169
208480
205544
212169
202323
208738
195243
198239
204120
210222
202679
204866
199056
201005
198128
200661
205227
201842
204275
199629
208558
192965
197168
208554
203169
205577
196672
207524
207259
201393
201175
207059
204253
197233
201562
205352
201705
205680
206087
200946
203802
200506
202847
194556
207439
201203
198519
196060
208561
202049
205767
206505
208109
198176
211919
208974
201972
191146
205591
206068
206353
203674
198280
197756
202493
203548
194088
207603
208606
198370
199090
202156
204687
200129
197826
206973
202619
204787
206082
204976
203178
203578
211352
199565
203973
211793
195089
195856
200880
209864
206081
197772
198076
207644
205505
198923
214399
197360
205118
201832
202745
205958
204975
202221
203301
204794
215073
211025
198717
199641
202522
200890
202225
205267
199886
198593
207124
204097
207698
200716
204306
207695
205020
215371
195858
202329
201462
206580
200294
200106
198991
199616
200417
198794
200608
207267
206996
199397
200769
205310
202813
203164
204130
202830
201238
202005
194526
200299
209865
203572
209693
204423
192599
200192
196241
196480
206308
200160
206624
208860
198366
201016
201805
203100
200168
205111
201813
212636
199887
203156
197807
200270
211249
201051
201503
201494
202387
208416
204368
205441
205997
199999
206269
203543
202659
208042
199969
201386
206466
203837
199217
200960
204074
201921
197937
199326
208239
202779
199380
202964
203288
202261
195339
202302
197714
207277
195326
201059
202449
202655
210010
203847
198857
207713
200433
203386
196425
199530
195482
204342
211681
205005
202179
202331
201861
196358
205232
196061
198908
206439
204774
197128
214908
208504
199658
202403
201806
203483
203708
205247
204933
204012
198959
205588
196479
197175
202086
200876
206916
191588
199099
208653
196119
203042
205393
208121
201506
209512
201217
210189
207731
207132
209212
200958
201928
205367
202106
213346
197995
204111
204443
202022
200599
201842
202100
204580
199677
202296
202254
203101
206744
203767
206371
197904
200834
198781
199488
213117
208511
196980
201313
208817
206009
201651
203387
195496
198998
203519
209284
200188
197973
199621
203470
208487
199235
197442
201741
209969
200294
205073
200184
193534
200383
192003
198455
202558
208838
195437
208544
199618
207845
207014
198754
197955
204361
204046
197178
206119
206432
205200
202356
194241
209927
196907
203099
197825
205565
203766
202399
198760
196725
203099
210596
196362
202624
196230
202304
191365
200009
208374
201861
195995
200846
200168
205373
201727
205409
198110
204862
195741
203920
206794
198674
200520
197032
196898
200870
210643
202571
200724
202919
209871
205834
196146
205392
203067
201505
198158
197853
200160
192393
205055
196865
196874
203582
199303
204549
198523
204635
200341
200174
206158
199063
201589
200703
207023
199602
198005
202278
200284
199712
195972
204409
203221
206108
209399
200068
203417
209109
196843
198507
209531
202741
205868
209277
204776
199766
207199
209385
204782
202438
202945
198556
203446
211899
205756
203387
188869
204207
198895
207427
198884
191472
201701
202616
206848
208551
195625
206299
195155
207007
206644
200549
205142
198008
194883
188381
197957
203006
203435
205983
199462
212663
202370
206552
204952
203503
196863
204571
202190
202200
198937
207358
200435
200333
199499
197163
200546
200826
200948
207377
203721
205114
192718
196902
201370
199791
210410
206488
201020
191189
205650
198441
199660
204145
194593
203956
199473
197738
199418
200770
212217
209633
205432
199383
206029
202582
191558
195409
202691
203596
202227
206391
201632
198768
202875
203830
198937
199724
198639
200436
192454
196357
203092
200450
192993
195945
208225
210747
198674
206369
196872
203928
204992
204504
202418
211439
198179
201772
195727
202813
209990
202174
197453
200360
207314
200806
209413
204155
203908
194193
200959
204719
207248
204975
201916
205323
195016
204982
201906
204866
203520
199633
201100
204349
203918
193201
196910
192222
201557
196983
199852
202565
197141
198416
199590
205623
192101
196585
210885
201677
200966
201299
206722
202186
206974
207237
212328
203734
207505
200191
205832
209523
203544
196064
198978
197810
206246
205198
196486
194805
206133
200253
197074
197923
203091
203260
197221
200458
203175
212020
211191
205958
202034
201082
204870
204414
206028
200302
203133
200578
203905
199714
204164
199275
202643
203814
197375
210860
197859
198634
195988
