208627
201837
206017
204056
202542
201291
202271
211174
202955
195543
202397
198483
205838
202227
204815
209253
204888
198646
196693
203193
204330
200122
196785
199092
201055
206418
208218
201282
212510
201794
200821
213787
199784
198773
209855
203790
195522
208710
203515
205454
190686
200818
201690
197598
209725
204147
208932
206121
200234
198653
202653
199030
205181
197757
202496
200771
203069
203201
209936
189523
205488
201245
204186
206518
209838
212558
204106
192954
198779
200757
198016
201440
206171
210263
206516
195650
197441
198690
198374
204803
200421
206250
208197
195999
202412
204023
203390
207200
201238
201858
205753
205265
203189
207473
210294
205024
197624
202072
194229
198450
201152
203296
204599
205384
207540
198382
203034
203847
204472
206183
206067
203695
199148
199833
194448
208978
203071
204659
200518
199024
195210
194603
195906
206053
204674
202119
200368
208701
205390
200725
201124
196596
201802
199974
199001
204708
203408
204642
200190
201455
205526
204412
206532
205104
204453
199651
202659
203027
208519
198615
210124
206403
213823
203663
197677
205323
194738
202520
196580
204377
205555
205401
201168
202135
204509
202006
206752
205328
206630
197019
200464
207980
204522
203610
202470
199955
205716
195470
198364
200475
195588
202290
203118
207753
196418
204359
199343
201810
197973
200729
205220
206559
202138
198575
200484
202484
205353
196035
201435
205316
204533
201952
201206
196150
202531
210898
202972
207436
204515
202436
201826
205977
204479
199546
199939
204789
199691
201662
205422
204629
203380
203964
206789
197867
196983
209359
202754
200079
206562
202250
203267
202013
211362
201620
207361
213049
199289
214780
204922
211841
198636
210198
203420
197212
203220
199167
200018
210300
196932
206496
205093
200837
212850
201515
197358
203496
199990
212715
204474
207201
198072
198810
205043
204469
201501
204844
209402
210291
199768
209562
198020
203302
200826
201407
199570
211238
209984
206447
197416
201877
203594
211625
202337
206160
206758
203553
204452
200502
197710
203857
197736
201736
206726
204725
203711
201826
198330
198460
199419
197167
205446
213198
198152
200554
206972
209366
203265
195053
193382
198817
198554
205859
203256
203396
202350
200539
205552
193701
200084
193452
201358
205152
204732
200478
196015
208355
213328
200559
205747
200002
207710
200887
192575
206492
210949
199245
210189
200802
207491
202011
202785
199812
200360
198476
202413
196966
201680
195746
202469
208059
202503
190207
197171
198334
207625
200356
207010
200153
198142
199409
200255
203278
204609
199506
211265
199867
198537
202332
199020
196759
203095
202604
213655
208040
209096
205636
199021
204363
208996
202975
204159
198711
204212
207407
199692
198008
198790
203623
206360
195438
212620
205777
201749
209986
203000
207693
196959
199996
207687
208144
205190
206565
195314
205759
216232
203324
202810
206860
209838
196508
200694
204383
199280
202114
192421
195682
204620
195824
199851
207644
197856
201515
204572
201184
209366
197053
205952
203331
207530
203587
205589
204504
196323
204431
199056
201193
207402
205933
197494
200846
208005
203796
202865
205966
210858
200673
209533
204310
202045
199012
197269
201986
213032
199018
207911
204840
204482
205050
217036
197097
201822
204819
207675
201280
206561
197120
205647
207961
207442
196708
195237
207340
196157
207619
208084
196839
205458
207947
198588
197993
201304
201208
193410
201458
206070
206137
193139
197021
199524
202429
201548
203066
205168
210390
201066
195513
204734
203319
203892
205371
205776
199021
197124
203687
205625
211025
206371
197965
198840
208460
207057
203648
202863
211041
195252
203409
199853
207164
205566
201534
193611
202104
203676
208455
200117
210538
202075
202496
204134
205226
195620
203570
201777
203216
196521
203418
207758
203294
202174
199054
204054
203934
204475
202042
196786
200378
202696
206147
197348
201394
201467
199766
204605
201977
201724
206708
202505
201429
190159
206941
207859
204234
207171
197292
206001
200044
206686
203977
206998
207956
205979
207248
203119
197843
205727
197557
206001
198488
205577
212035
196908
206195
203684
195676
196418
207034
194919
205557
198021
210805
199657
189160
194835
201976
204157
206790
208272
205536
202343
208490
198341
202490
204209
208768
201418
204317
207110
206722
191386
198274
200767
204139
204626
201471
200444
206668
203089
209084
209025
198945
209910
204852
199501
204848
199474
206111
203588
208570
204517
202145
207538
209675
204057
197236
203327
202474
198950
203808
207971
195168
202538
201903
200077
194659
199932
190797
201381
209018
211530
207948
200342
201163
202541
198318
202042
205288
202493
201933
199804
201289
201355
198653
206020
198365
203483
206635
196996
203390
205889
199827
205294
197065
210719
199845
195696
203896
202265
199622
204065
212119
203006
206146
201218
203131
201571
199685
202074
205629
200009
198880
207577
209210
203095
195305
200084
206278
206172
205272
196541
200521
200971
202342
197936
197136
201513
205466
205740
204355
200158
202086
204948
193859
203776
204540
203510
203794
202575
201054
202580
201556
207093
197744
200390
209365
212979
203588
201582
200932
193365
202492
201174
212112
207947
211704
195400
202866
205125
204219
200895
202843
199316
204177
201062
210128
204724
197410
201225
205360
203910
196184
206034
204390
206001
193664
200548
194810
205032
204135
198962
196841
207345
198090
198401
200182
204702
207658
198310
199498
201116
191784
199491
203706
203156
208590
197989
202156
204575
205583
209975
207609
200646
194990
206738
202085
208025
198156
201304
201425
200151
202223
202266
197426
210687
209547
202122
203751
198966
204752
199315
205583
200678
203780
203075
200475
209341
208588
202871
194696
203330
198634
198663
205622
203412
194918
198718
204562
207024
199347
206151
202963
212718
204615
205490
201891
203349
202738
195068
210513
208421
199685
203568
198337
202403
205126
205059
202215
203245
205729
203337
206572
200605
198884
201992
207940
201861
205952
202197
203176
203078
203006
206340
196559
204356
197062
201125
199144
200760
204375
206943
207817
199151
199551
201645
203904
192204
204352
205923
208091
194901
198833
193868
201888
199230
203446
200694
203129
202574
203628
200489
201096
206973
194414
200833
212619
199113
208639
200026
202598
199778
198145
203764
198433
206971
203752
198581
211436
200166
210983
202259
212991
205160
205157
206258
205841
194323
199601
198238
199477
207955
205150
191350
200771
208326
209419
203912
205991
202129
213858
207076
201069
203509
199982
203856
197440
204280
199006
197237
204220
199987
198753
200179
203316
201462
204267
204261
204609
198919
211218
209470
209288
201628
206238
201222
202722
203298
202844
196948
208146
206290
202477
207311
201255
203673
199033
204393
197609
197796
199801
205184
200077
202409
199728
201563
211715
208451
212406
196482
201112
191927
204996
197872
201257
209452
198254
202213
206292
210296
200287
200566
202755
205511
204097
204240
202336
197425
208985
202373
195184
207575
204574
198648
205758
204559
204722
207419
197630
204018
203998
194483
200008
204143
205602
211739
203987
205778
196690
208537
207217
196798
203382
206859
200543
204770
204090
203755
191167
198101
198682
202327
202369
199576
196709
205979
198709
199055
197896
208917
202472
204330
203693
204643
205563
203753
195661
210251
195006
203966
202610
203522
199226
202563
204667
208403
199630
198417
194472
212985
191375
195509
202954
197259
199963
202825
207726
203369
194972
206792
206740
199682
200214
190263
201375
199477
206087
196760
194142
199058
200549
206701
205939
193225
197167
202978
207063
205343
208706
198801
205637
203674
204402
205482
206367
202628
204842
203961
202952
205963
206484
204071
203503
209873
208705
204933
209255
203943
202124
198503
194335
205648
195917
207206
205970
197872
204657
201411
204349
199388
201742
203588
208763
204719
207479
200986
201167
204051
204642
202137
210851
210008
204911
198487
198804
195896
199155
205857
200575
204603
210828
203387
198547
191832
200256
201528
205920
203938
208732
197994
195574
200814
199194
208765
200306
206193
208437
197278
198675
207956
199919
199017
201066
203266
202459
205425
200093
198873
203285
205970
211374
200684
199390
202685
206131
196987
202324
200529
198210
197810
199207
206418
203622
204136
202479
202207
194862
209602
196362
197175
205995
204451
199988
193958
199765
207939
199129
208790
203462
204485
204713
210560
205624
203953
203133
204465
197767
205899
202903
200914
203627
204445
191657
202337
201090
196651
199989
199369
196689
198475
199546
200957
207295
206450
197114
203010
210626
208542
205190
205006
209936
213051
204283
199761
206123
198738
192278
210385
210263
206813
202992
200616
201124
203060
203012
201548
207943
203141
202218
203641
204466
203501
205815
199643
204995
203257
206930
210855
199958
204511
205551
198743
200286
196091
201055
208082
202813
202203
203656
203612
200526
194963
196275
196463
193254
203394
205348
211998
205211
202828
202044
202116
200660
208492
199287
200123
205163
201383
208349
200006
200353
206623
203839
203579
195763
193085
194980
204951
200548
199289
205183
206373
204080
204052
202344
203043
201850
208364
202517
208219
199821
197900
194615
201691
197665
195137
201728
206410
200263
200078
201360
200868
193421
202717
208154
205925
203616
192387
196717
206778
208224
205234
203301
205040
203375
201221
199040
199832
215960
197804
200384
199975
206796
201928
208284
200662
202277
201914
200169
196252
210437
203357
205273
203373
201951
206295
206039
200478
204363
204387
200526
197018
202433
200974
203524
194725
203345
200353
201747
198881
196607
202492
201455
207596
203565
193027
196480
198948
199247
200568
201776
209206
204188
202183
212494
199757
199656
200790
201704
201890
201626
199572
198559
203532
201082
206566
200406
200586
201170
200459
206162
197626
201771
206349
197138
204636
202680
197526
195807
205123
199649
206382
215337
201422
195037
199976
204812
208126
201997
201389
199236
201373
200909
203461
211415
203796
192920
197335
204136
200129
201923
202270
199409
198971
196577
203306
204118
201401
205764
204053
205725
202760
199392
194958
199605
204048
213617
204129
207007
204251
201937
196870
199458
205362
210324
202986
210718
200890
208677
198429
202027
204728
203083
202620
202415
204170
199241
207534
204048
204590
201815
198416
199470
195025
201129
203358
203397
202253
209937
205195
211758
206625
207028
200871
203134
201603
199678
207240
199405
202381
200177
205887
201432
206476
212294
201370
199039
195896
204395
201091
199894
198220
199004
201603
204387
199724
202207
204009
211604
206407
197937
208287
205704
203088
201627
199397
204221
202984
205257
201401
200932
201509
199266
209284
204982
206691
204412
205419
200761
200021
200475
205814
208367
210710
200213
202686
201822
205772
205606
203365
203621
202597
197013
208827
206715
196423
205988
200871
212703
205473
205777
205807
205779
205792
192378
206683
198743
204115
205196
201294
202044
201339
196370
203741
194390
196987
199535
199057
200629
202987
201610
205986
207008
201410
206503
199264
198923
205055
204133
205910
203848
203013
206751
202796
208553
201666
199640
207761
203140
204351
197854
202461
197240
202751
203270
201582
200752
202048
207988
196183
209267
197860
198691
206369
198209
197993
202825
198096
198983
207041
198743
197382
200033
195467
200052
209976
217208
208557
206072
199623
200706
202078
209982
197296
207175
210216
198317
199172
193565
209006
209635
193186
198471
210034
201654
200850
209121
213016
202832
197789
209569
205908
205152
207851
205204
208917
204967
206534
196038
198947
195592
203284
200357
200388
199966
206334
196015
206069
195602
198675
200337
200852
198036
204511
198648
207646
200331
201508
203018
197077
204557
202747
202451
199534
198541
208849
199992
203798
198692
202484
204776
205372
199749
198955
211507
202313
202432
198686
201290
197002
204319
208037
205620
208373
199336
208782
202315
198951
200385
201926
193009
207353
196449
196771
201363
203376
199825
199862
200418
200006
203693
209311
209044
202018
205019
201046
202002
206423
197074
199252
201597
191314
204404
206584
206191
208405
211303
209651
205048
200040
205939
195507
197288
202032
204300
201088
208759
199227
207971
203560
197609
209477
199165
193304
205996
212953
203376
201695
190281
200956
207993
196882
206960
201007
203483
201344
202681
204098
202472
205008
197607
205559
202948
209329
207623
201541
201235
206349
205091
200729
204024
200368
200239
204542
202557
204719
202365
202615
205634
194660
208730
200271
205474
197435
199671
200688
205706
199246
204599
204930
194980
206951
206077
205072
207830
199901
199823
208561
212548
197465
204190
199642
200188
195865
201129
210743
209199
199197
206657
206884
204120
203683
204298
201111
200119
203387
197361
212623
212129
203811
199952
197528
200788
201996
200649
202381
205790
203115
203990
203836
202642
203854
205140
204193
201630
192545
203011
207919
202401
204181
201609
199747
211588
206207
202122
196964
199957
195922
200832
202523
197222
208543
209557
211037
198413
205306
197215
201629
202479
196802
207477
203568
204437
205160
198026
202653
211582
203724
195453
201352
204109
205357
204535
204587
209511
207593
199086
212803
208902
205043
212272
202515
209018
201530
204762
198614
204178
199932
198382
205724
206504
211541
200067
195037
201511
199934
201850
204191
206192
206976
206905
201274
200789
201077
203769
193692
203798
201168
201098
201765
206410
198824
203107
197254
195633
192798
207431
196909
205074
211106
195411
201240
204197
198497
196623
198248
205930
215389
201630
204006
190537
200260
204545
206862
204508
208229
204639
205321
198001
204680
197918
204308
202529
195936
208120
199675
203969
186824
203498
198080
208437
195795
199836
206720
202145
197915
195493
210479
199689
199739
200019
196077
206226
192011
203715
206984
200729
199899
204762
203594
200277
199810
203277
208477
206851
202622
196093
206059
196161
201545
201574
199325
202099
201673
203368
203960
205680
205496
202943
199691
201980
214280
200141
195241
195868
204445
200930
208740
205713
203358
209582
204649
201504
202983
195026
201873
200073
208684
204676
203449
198260
203504
207245
212153
202681
197205
200505
206790
199963
204542
208833
197201
207255
195200
202793
202684
201264
202340
204285
207048
205172
205709
205265
201932
201925
200571
200362
201872
201969
204439
196029
204233
198701
198642
204898
204664
204816
199933
207450
196606
197532
202717
200182
203552
212866
200496
207743
203428
198400
204886
202385
196200
201189
211736
195776
196505
197617
204233
204189
199361
204481
206524
201959
195503
201635
201364
200934
201638
202691
198448
200755
199064
203731
209233
205675
198847
196229
201195
204396
201842
202220
201388
210070
209775
204643
201026
197790
203160
198194
205271
199486
196691
200500
198499
201971
198246
201001
203965
198101
199894
197352
199725
203408
189755
200667
203110
202894
208606
197364
202748
204236
203186
199578
201612
212138
214344
205433
202247
209610
202367
205654
202300
210999
197596
206436
199088
207001
205769
207916
201239
201142
197284
196316
204370
204072
200031
206216
203428
212086
205512
205583
213021
206463
205972
201671
199796
202264
204363
201917
198878
200021
206822
200812
209570
207155
211577
203683
201487
209072
203797
205307
204124
198133
203807
200556
197864
205797
204971
195616
206444
202643
205368
207082
194905
204453
203433
189400
203332
214464
203117
197999
199232
199128
205550
204834
198582
203654
203112
202885
205020
206981
206711
208236
205965
204589
205350
200791
201554
197713
196490
200015
200887
203067
207843
198091
201479
200683
198819
201657
201929
205935
201384
197489
208187
206872
200742
206776
194687
205194
207393
210895
197886
196427
209374
207272
203751
204315
208982
204675
201374
199020
204467
210288
206051
202541
202367
193078
209599
205910
207038
207458
202939
203830
195219
206314
201520
201822
205429
193891
207508
199205
206253
206899
197788
197626
198557
206667
203981
199697
198606
202370
204024
203426
209923
201147
201106
201148
207961
200191
209929
207844
202650
208905
195864
203466
207486
205493
197466
199528
202239
205433
203929
203740
200688
199844
200872
204481
200817
204965
200842
202616
209683
206729
202981
203066
209530
200018
195880
205358
202252
201976
197336
201286
198370
205076
207687
207515
207657
212779
206251
206862
195418
202453
208120
205627
210310
205295
213168
206511
198164
204319
202481
205912
201716
202364
200729
195063
193216
202243
206874
202586
203066
203803
203173
195406
201250
202794
200808
194619
207493
202361
199264
208193
201189
200699
209022
205681
195959
198877
201032
202627
198011
203651
205101
204955
208411
203155
206460
193564
205218
195171
204445
207828
206935
196587
204919
206721
197377
205013
208758
202072
209379
204534
198045
206283
197221
201935
196318
209434
200790
203245
204076
196834
204126
208657
203535
203528
202102
206131
209761
204376
195199
200843
198199
202754
198315
202656
192367
198031
212078
206884
202450
202828
204993
203651
202935
199014
200880
205440
201723
194510
200821
203100
201847
207238
205488
200835
204002
201498
201844
199187
201062
200666
203081
201962
203343
198069
201490
200017
203993
199982
205376
208830
211337
202001
213282
197894
206050
203997
193458
206718
196245
203134
204298
205743
200472
199545
201372
202016
197108
206368
203127
197130
198086
198170
204419
206902
195498
192199
209966
214931
200170
202215
198358
205041
206552
205366
195371
196201
203364
199052
199838
196924
202192
202349
201993
210570
206346
198518
207262
203427
202043
199593
197394
206701
205008
203171
198597
199253
197437
195350
199465
206864
200284
204327
199021
210041
194949
202340
205841
197127
202340
194802
202936
207706
201058
207783
194624
202564
201821
205383
196864
199069
202711
203557
210486
201361
196334
209189
198634
200928
207933
196402
208689
205921
200121
210785
199105
195287
202118
204538
199334
202550
200051
209076
200606
199690
206001
199317
206560
200817
196283
202992
208358
194981
202770
204318
206494
199394
199934
198166
195443
202966
201812
194554
203639
203315
202915
199859
209107
201088
201127
206645
205323
200596
203914
206841
201938
208981
208683
204482
199256
204795
206472
201614
204175
202943
196984
209559
206059
203053
203616
207010
202903
211452
204316
208344
208528
207154
202255
203127
202355
210440
205277
202127
196693
209354
211643
205174
205211
206876
203383
198772
202364
203380
204523
206008
209480
203445
202148
198129
207188
198401
196275
201358
206771
203510
206288
197119
203320
197411
201576
197042
208340
204749
208274
204790
197926
202585
208366
210034
196196
208676
199487
199713
206239
207501
204697
205321
198091
203930
203975
202666
196452
203131
202097
203523
204872
194357
208574
206367
206326
204706
197429
198544
198192
202555
206677
209669
212731
210021
204683
206524
205008
197107
217538
206697
203341
202100
204821
200027
204879
199557
201114
207343
202094
200533
204722
197304
198867
203509
203465
200717
202094
197176
201335
200621
196985
192597
203795
204551
202801
200183
204430
200010
207725
191175
203533
203951
200750
208912
199150
204503
202259
204031
204771
203073
206924
200961
198663
200439
196663
203774
194565
205394
190383
209672
195962
196385
200369
202513
207885
212918
204417
204915
198404
206470
199243
202444
207332
206445
205783
197952
196408
199098
209826
202855
198666
197503
200789
195685
204555
215780
200181
203091
204357
208995
198494
201885
202189
201275
200570
199057
211132
206934
205609
192461
198355
192747
204947
200816
197395
209395
204637
206175
204281
202852
213169
204496
208069
201223
200233
204468
203979
202554
204940
202649
201890
205600
200666
203581
202248
203418
211805
204166
201563
214359
201869
200887
198428
201556
198824
202015
202488
197963
206667
198941
204222
209207
204066
206335
193381
207286
208665
203849
204276
199226
202296
203027
192945
197093
205943
202063
205137
206561
202344
201793
202095
204836
196625
202200
196316
200799
203414
213459
204220
210644
201688
202843
212047
196018
215114
203187
203686
200939
208296
199996
195437
213349
193710
201240
206594
210994
198026
203345
197493
200895
201202
199445
196024
211407
197113
205371
201719
193627
209545
206473
208035
205661
198581
209588
205145
207383
198124
201976
204740
206513
207612
203223
204606
195359
200272
205093
199012
203475
196033
203514
207151
210985
201319
196745
190345
200859
208509
201700
200640
206652
208480
204112
201650
202437
205801
204523
203972
203107
195625
204105
199980
197321
195981
201366
204612
200336
202919
200453
201327
199710
203339
207211
202085
207322
204339
200484
203329
203383
204795
205585
197781
204027
203461
202936
203160
202870
199836
202166
208394
203112
193240
203081
203129
209759
206208
204672
200412
197733
207656
204491
196726
199996
213989
203889
197425
198517
208723
209410
200528
198418
209798
210091
196490
203083
203174
201559
197584
201598
206139
203980
204076
205952
198831
195684
195459
206042
196009
198461
204266
207840
195338
208829
200746
209951
201568
210673
205567
199316
208009
200073
199934
202961
205718
208469
198305
208193
203733
208942
195951
203835
204936
207187
200232
203354
196870
211544
208047
204803
194102
208153
200938
206508
199805
201530
200397
203755
198719
191817
198143
205018
204342
194884
204515
207685
209209
205475
208367
206617
198424
211398
209852
205109
211180
198627
199416
206118
202562
210085
199601
199710
210215
203126
206485
202922
209183
202794
204708
197026
204420
196339
210872
206751
212451
199025
199364
205340
212101
201921
204816
201060
201178
198242
201397
206406
206210
205410
201903
200422
194032
209006
208772
204209
204824
204330
202694
195670
194840
201310
203995
202969
190157
200092
203189
207952
207084
205243
195848
199723
203338
200617
209265
200229
208118
199877
196476
202543
204103
206539
197726
206988
201854
205426
198643
206182
205136
198299
200855
199697
202063
195822
197887
200581
202860
195348
199558
205087
195482
202675
209068
201944
200125
204349
204527
200463
208692
201297
205621
197700
200915
201248
205631
207098
206011
203788
207265
201341
199343
205838
203180
207266
203140
201906
208654
206917
205590
206841
200598
202080
202362
201576
193793
197075
202801
195837
208983
198903
200143
204206
197336
194674
212000
198904
208500
209697
197606
198016
201564
204857
206250
202163
210028
202010
209333
194437
209581
205649
209220
202673
196527
196104
209654
200889
207543
196487
197798
202371
203004
192137
198917
200749
206770
193478
208697
195273
200426
205087
205069
199071
209140
204744
202646
201161
200642
202263
207656
197653
202246
197370
200245
209303
194118
201660
201614
212397
207938
191877
207034
200765
195690
208629
199773
205876
200342
207104
204351
201848
200413
203107
203257
198921
191666
207217
203558
206398
192643
201819
205860
197814
198046
206245
201026
209368
207810
201956
199715
200628
195931
208745
206054
199600
203256
199999
200997
202441
206512
194321
205220
202351
202000
201511
205464
189395
200420
208773
209062
201081
191396
198573
196778
203406
207264
205569
198513
206462
199004
195849
200403
197888
202729
205439
205707
203204
206340
199738
196484
202308
204400
201063
201459
202491
196290
203848
209486
201675
208745
201695
195329
201947
206027
206582
203122
195093
200882
207615
206759
200327
207712
205635
198024
206738
205351
203178
202252
200362
201214
204957
205792
212109
203413
203821
198311
198812
208522
201104
202319
208717
209179
204898
202336
202627
204134
202297
205479
202825
205199
205165
200284
202899
197805
200132
198164
192123
202827
206018
195439
198999
200110
204814
203610
199875
208354
204928
208471
203282
211856
214213
194817
200279
202431
208343
206387
206603
201420
197315
207154
195457
212209
204059
203725
199911
194793
198971
204271
203224
199374
205189
204152
205471
205884
198363
200557
210086
210208
202729
200379
197353
208063
206287
199236
209245
202131
204214
203714
202643
207467
201321
211453
204300
206496
203435
202659
196143
200330
196762
204864
201938
199958
198307
203661
201745
211494
203342
201302
199686
201261
197113
201738
201088
203831
203772
204305
209010
199673
200791
206514
197173
205850
198821
205265
204716
200024
203786
205680
200736
201639
200180
205819
202333
200688
203608
203662
203620
203383
212256
202980
202859
200057
205963
197570
200076
202552
199681
204121
210733
203441
207694
205855
204046
204924
204222
218778
203785
203956
206069
199960
210516
204118
206078
199149
198102
197851
202341
203927
204660
200414
198554
198040
209810
201125
199667
204068
196823
197726
204989
207718
206740
205008
203464
198672
206168
204691
206149
200489
199627
208465
202603
199435
201253
200819
196913
197821
209881
202862
191584
201007
205796
201235
193758
202350
195479
199486
201598
207986
206712
198110
202033
198108
193090
203273
205770
208528
198526
202962
203325
203862
203881
205751
205399
202857
212358
209369
200773
195804
200122
204196
199467
197341
197050
207197
203702
202528
196987
204576
207470
200285
206841
200705
205487
193009
204510
208300
202161
205258
198401
200542
202343
200531
204538
195114
197658
199530
204079
195048
198547
203311
203986
204562
203652
211080
203677
202875
199740
200899
205418
204952
210351
203405
204094
204295
202284
206567
204720
203867
202449
204596
203007
202837
204676
205030
205101
197249
210719
198616
198639
205166
203945
207580
200982
206645
205723
203456
201232
197472
202360
209140
203771
199849
204111
204317
199941
200451
204131
205561
185241
196485
210508
201058
205035
209137
206048
197587
206707
203145
200549
204239
211222
208508
201339
207280
202097
203667
209813
200505
197247
204783
202018
202319
212511
211112
209458
206580
206338
205331
202170
206885
197171
199166
207654
200691
203911
206744
208023
206611
211177
195560
202754
202380
195549
206862
199957
200396
204770
213444
200309
199748
199142
202564
195642
203106
209725
198780
202953
205348
194256
206588
201060
202155
196004
209827
206478
196069
203413
212709
206502
199866
203171
205451
192478
209443
200431
206392
212713
205384
203669
202258
201684
197584
200150
204426
203933
201387
199150
201091
206847
197521
209566
207021
201273
198519
190044
196472
200842
208005
196936
203784
200849
201624
201806
204970
212094
203664
198578
200498
195603
200071
206930
200555
195458
199281
203569
208473
203534
212966
202015
208008
202753
195631
208560
197149
203056
196483
200268
197213
202306
203776
202021
196156
201888
197800
204749
201220
205255
202174
205267
197027
216829
200254
200177
198900
200883
206171
204508
203419
199764
206556
206899
193734
194855
199539
209936
192013
207490
202339
201506
198473
206322
205689
204308
206242
203010
197172
208786
201211
200686
201172
200914
193235
201900
205353
191376
203753
197475
204384
204852
209826
207287
202693
205651
203915
203098
214175
203623
207467
207393
202677
207811
199391
200765
207651
201173
205977
205777
207282
196196
201273
204263
205340
200419
205672
198674
201099
191817
196589
197998
205562
201289
203792
196088
200647
208408
206325
208530
199922
209204
204411
210265
203719
199383
203650
202485
202590
198149
192181
202428
205182
207738
202250
205321
199935
196334
197393
196092
207536
203290
201177
205539
203737
207990
208620
205557
203161
206999
199557
200525
199731
205585
207130
198455
200876
208296
203493
201526
195353
205732
206799
210252
202609
195339
195643
194845
200194
202434
196109
205778
199118
199806
213525
201117
200490
204520
210922
203567
191118
208512
202931
203457
201547
198795
198305
206636
203894
207153
204719
205431
193238
205290
213153
203749
200272
193827
192588
196887
199483
199634
195205
208087
199662
205819
201225
194432
208831
205677
202486
192901
198451
208792
198831
203542
200957
205559
195778
201930
191413
204018
208632
195864
195169
207048
193601
205369
204260
196190
204690
201194
203673
204960
204952
200155
208111
200866
200749
207045
202206
210626
203835
208022
202138
204002
201174
195981
202185
202102
198742
201016
200040
199108
202567
193661
205387
203820
196704
200541
203843
207444
202335
204875
201751
203485
203174
196013
204974
205073
201439
201688
206774
206412
201816
200221
197183
200462
194491
201328
204584
204444
205618
199047
205937
205738
200232
206888
204023
199040
208061
197620
199633
202347
202996
199665
198189
204347
204849
208322
204454
202473
207031
203301
196862
197832
194895
210472
200727
206061
204942
207018
198326
204630
203163
202857
196738
213795
203440
196391
204795
201920
207081
205554
206030
206471
199157
205660
206416
193532
201340
199994
200103
205116
200572
202337
200329
193524
198092
202436
207268
205971
208520
195534
203534
190047
201922
200266
200407
207681
205111
199352
200909
201226
206462
202379
206281
196274
202109
210480
205192
209080
206477
205669
214220
199110
206588
197318
204253
203665
204196
198413
205481
202324
205931
207330
201028
199411
200231
197174
205371
205548
199517
205803
191423
193213
200174
202001
198435
208919
197076
205693
196992
206220
202109
196238
203816
211819
199619
194026
195272
198357
208691
200681
196636
200742
200362
193768
194194
196087
200662
199370
202299
211235
202478
206902
198572
209915
204423
199576
206332
206655
199940
201655
208048
202011
200976
210612
196439
207155
203223
203320
199039
199298
205764
203043
199829
206511
200836
206374
202659
199243
209436
201015
205128
200014
201723
209584
201592
205850
198222
208192
203231
200761
197003
192438
200098
192944
204691
203608
201435
200983
203947
206695
199937
196906
198814
199222
203364
200355
202260
203595
208169
201631
206951
200644
202738
205180
199104
208896
200767
208045
208862
197520
207288
198280
207752
207932
213884
207308
199967
199650
200401
201253
197194
201729
197310
196927
205376
208202
196768
197186
207496
204907
200897
197317
203907
204263
206136
207063
200786
203018
211651
205160
204398
208951
200917
202731
203097
203206
207032
207210
197788
198529
199083
196600
205318
206616
198032
208349
201373
202463
196119
202091
198652
196273
197369
200789
201828
202930
203444
212456
200226
198538
202925
198348
201005
198336
199854
196368
197140
202530
206111
200569
199693
196114
194917
204981
202554
202203
201506
201486
197954
208094
201955
203035
198492
207969
201850
200157
191684
201702
199715
203554
199687
202176
207622
197645
196134
202004
199335
205239
200997
210986
208462
202933
205686
205352
208250
201526
204559
200251
200842
195304
210739
204614
203114
204102
200693
192848
202263
202700
210971
215207
198086
199643
199493
207480
202132
205430
208211
198077
199805
205021
199250
203069
203466
204864
203288
199837
204539
197791
210209
206047
201348
190211
204233
200099
205545
198805
202071
200873
205468
197565
206853
201699
204169
193424
201494
201802
202357
195783
208161
204855
205023
198541
202038
208754
204691
199233
193285
201170
188247
203623
204422
209429
208176
200535
192931
197351
204053
195921
198993
202950
212224
192661
207453
198531
198747
204672
212844
192279
201767
210876
207599
205134
205282
190575
198748
201700
187378
205242
200108
211175
197422
193792
202195
200549
209910
203434
205666
196673
207440
211428
204817
204563
200676
200259
204670
195802
203950
198892
195071
203194
210917
206023
197187
193571
202128
206797
202773
215250
208117
196354
201287
210229
205045
203146
206202
195562
211547
194418
203736
207890
202353
187501
198886
223203
207666
200155
204942
206760
203096
206867
199307
201281
197572
204888
199456
199915
200893
196749
203710
193422
203714
204501
199247
204396
191952
204696
201415
204259
191883
202939
205897
202411
208546
201417
200246
201983
203481
203021
208517
205400
207731
207323
196890
200915
204109
197924
201582
202497
199269
201141
205206
208938
201442
200892
207778
202949
200380
203081
200900
202199
201120
202320
197343
205373
197991
202812
203894
213751
200713
198136
203394
203210
201008
206717
201205
206881
206157
197297
200106
199955
201250
205058
201692
200257
199701
202797
198349
197785
197085
208311
207696
197254
204248
204262
199131
207930
197219
202882
203471
199907
204806
198743
200117
206279
206473
203576
205463
199137
202856
199466
204829
204117
198538
198951
196593
201847
204135
204582
202688
193829
204068
205512
204147
202315
205261
206404
201838
197050
204670
200274
195956
209216
202128
202133
201878
200564
206764
205033
205804
197056
199094
204021
205472
207480
205540
206437
198435
201150
202279
210293
196083
203042
204833
199530
201639
203311
199392
199908
207468
199229
204936
202328
200344
206518
198269
209430
196085
208524
203404
195123
203167
193282
200309
198027
208821
205244
206693
203198
202004
207752
197838
202969
200401
206250
202777
192809
201776
196105
200766
196077
204331
200776
200352
203988
198212
199130
204377
204364
208673
203651
205660
191114
194221
198207
199841
210017
207041
193986
193436
201087
200912
208930
192527
199379
209067
202117
204484
195738
206232
202923
205487
205476
202521
191922
211988
200904
196869
205085
206391
205408
200363
198212
208458
213326
194847
196069
204386
202623
204265
198939
199525
210598
202166
201616
207332
205526
211302
207460
193546
203663
201762
200715
201405
196261
202557
202097
203057
203379
209314
214496
209437
200924
197625
199976
208230
206844
204136
205149
202392
203201
204593
201051
200160
196629
203932
204122
207850
203989
211831
197604
197440
203851
217141
209924
200160
201993
198983
195078
206400
202361
194270
201885
203580
205267
205052
196313
202641
211788
203155
206511
206412
201531
200470
204572
204309
199962
207943
203491
212190
197194
199463
201438
200465
199762
202615
203077
204055
204252
209381
203903
203683
203493
208092
200632
204247
203635
191403
202762
198876
202129
202322
200810
202941
201178
203723
200555
202610
201908
199238
205482
201643
207920
206100
191383
198376
199788
206919
197402
199465
197290
202979
209292
212692
202677
206422
200661
205753
208135
200341
203993
198845
195701
198218
197612
197686
203104
196406
203208
210877
197793
202258
201162
199193
202800
197498
203460
207264
206892
204314
202161
196654
204992
198666
200069
208720
201710
207000
198594
207951
198886
200854
200614
201431
206442
205790
200976
204606
202184
203608
195233
208494
206817
201135
208694
204563
204208
204123
196671
214863
202677
209855
201612
203830
202935
201039
209374
206783
207170
200534
196289
192749
205787
189455
199648
196831
199827
198728
203086
203117
199078
204507
204775
200098
202674
200734
201917
202217
205252
200127
208325
210057
204403
205005
202646
201818
206295
212020
201179
205391
199365
206347
199347
206907
195955
202997
199872
198053
201677
205946
206121
201771
206335
204544
202114
201322
204489
208749
198280
205499
196309
204489
197072
206079
201849
198620
195288
198437
204139
196312
201521
203938
203508
201783
194102
205547
211217
205472
199890
205212
200416
203331
210294
202638
205188
203647
196555
201503
201181
202765
199649
203251
207113
202482
206108
212928
209652
203454
198690
200337
197133
200891
204984
197759
201369
198087
194503
193780
207990
197704
203695
202333
203858
204986
199404
201266
205557
200640
199342
200979
199574
195343
205727
208224
202191
194241
203535
200590
203104
207512
200879
201493
199888
201472
204079
204240
201213
207160
209300
200196
201038
197547
210636
204049
196846
207868
199902
199393
203033
191310
205053
202579
202155
198528
197641
202441
197704
202573
204093
200953
203852
202711
194639
205845
204082
201111
203274
203042
199318
207821
209166
191702
205177
196522
191816
201905
192224
204375
206654
202726
204165
206238
203022
199303
189127
198115
204532
199612
201363
199852
200274
203250
194761
207060
207352
197527
204493
197773
208464
197266
200104
203475
192301
202545
199610
198335
201687
198265
199200
198497
204597
211760
197868
204117
203825
207218
208048
209183
203231
201651
200734
194244
199812
203995
193991
196902
199465
200607
207161
206000
205406
200911
215371
201988
208348
202196
196399
197865
209528
198418
201820
204401
197284
205618
197813
201060
199781
204850
195518
201385
201338
201263
204805
201312
211694
202237
201112
197697
206164
202678
197557
207238
203498
196711
195583
206501
202120
208840
206965
200115
206682
199072
195513
199337
203928
207173
206331
199652
207584
204140
205095
198738
208020
196653
200247
208161
204672
205565
204885
198316
208150
207647
207055
199788
201232
200110
