206367
206326
204706
197429
198544
198192
202555
206677
209669
212731
210021
204683
206524
205008
197107
217538
206697
203341
202100
204821
200027
204879
199557
201114
207343
202094
200533
204722
197304
198867
203509
203465
200717
202094
197176
201335
200621
196985
192597
203795
204551
202801
200183
204430
200010
207725
191175
203533
203951
200750
208912
199150
204503
202259
204031
204771
203073
206924
200961
198663
200439
196663
203774
194565
205394
190383
209672
195962
196385
200369
202513
207885
212918
204417
204915
198404
206470
199243
202444
207332
206445
205783
197952
196408
199098
209826
202855
198666
197503
200789
195685
204555
215780
200181
203091
204357
208995
198494
201885
202189
201275
200570
199057
211132
206934
205609
192461
198355
192747
204947
200816
197395
209395
204637
206175
204281
202852
213169
204496
208069
201223
200233
204468
203979
202554
204940
202649
201890
205600
200666
203581
202248
203418
211805
204166
201563
214359
201869
200887
198428
201556
198824
202015
202488
197963
206667
198941
204222
209207
204066
206335
193381
207286
208665
203849
204276
199226
202296
203027
192945
197093
205943
202063
205137
206561
202344
201793
202095
204836
196625
202200
196316
200799
203414
213459
204220
210644
201688
202843
212047
196018
215114
203187
203686
200939
208296
199996
195437
213349
193710
201240
206594
210994
198026
203345
197493
200895
201202
199445
196024
211407
197113
205371
201719
193627
209545
206473
208035
205661
198581
209588
205145
207383
198124
201976
204740
206513
207612
203223
204606
195359
200272
205093
199012
203475
196033
203514
207151
210985
201319
196745
190345
200859
208509
201700
200640
206652
208480
204112
201650
202437
205801
204523
203972
203107
195625
204105
199980
197321
195981
201366
204612
200336
202919
200453
201327
199710
203339
207211
202085
207322
204339
200484
203329
203383
204795
205585
197781
204027
203461
202936
203160
202870
199836
202166
208394
203112
193240
203081
203129
209759
206208
204672
200412
197733
207656
204491
196726
199996
213989
203889
197425
198517
208723
209410
200528
198418
209798
210091
196490
203083
203174
201559
197584
201598
206139
203980
204076
205952
198831
195684
195459
206042
196009
198461
204266
207840
195338
208829
200746
209951
201568
210673
205567
199316
208009
200073
199934
202961
205718
208469
198305
208193
203733
208942
195951
203835
204936
207187
200232
203354
196870
211544
208047
204803
194102
208153
200938
206508
199805
201530
200397
203755
198719
191817
198143
205018
204342
194884
204515
207685
209209
205475
208367
206617
198424
211398
209852
205109
211180
198627
199416
206118
202562
210085
199601
199710
210215
203126
206485
202922
209183
202794
204708
197026
204420
196339
210872
206751
212451
199025
199364
205340
212101
201921
204816
201060
201178
198242
201397
206406
206210
205410
201903
200422
194032
209006
208772
204209
204824
204330
202694
195670
194840
201310
203995
202969
190157
200092
203189
207952
207084
205243
195848
199723
203338
200617
209265
200229
208118
199877
196476
202543
204103
206539
197726
206988
201854
205426
198643
206182
205136
198299
200855
199697
202063
195822
197887
200581
202860
195348
199558
205087
195482
202675
209068
201944
200125
204349
204527
200463
208692
201297
205621
197700
200915
201248
205631
207098
206011
203788
207265
201341
199343
205838
203180
207266
203140
201906
208654
206917
205590
206841
200598
202080
202362
201576
193793
197075
202801
195837
208983
198903
200143
204206
197336
194674
212000
198904
208500
209697
197606
198016
201564
204857
206250
202163
210028
202010
209333
194437
209581
205649
209220
202673
196527
196104
209654
200889
207543
196487
197798
202371
203004
192137
198917
200749
206770
193478
208697
195273
200426
205087
205069
199071
209140
204744
202646
201161
200642
202263
207656
197653
202246
197370
200245
209303
194118
201660
201614
212397
207938
191877
207034
200765
195690
208629
199773
205876
200342
207104
204351
201848
200413
203107
203257
198921
191666
207217
203558
206398
192643
201819
205860
197814
198046
206245
201026
209368
207810
201956
199715
200628
195931
208745
206054
199600
203256
199999
200997
202441
206512
194321
205220
202351
202000
201511
205464
189395
200420
208773
209062
201081
191396
198573
196778
203406
207264
205569
198513
206462
199004
195849
200403
197888
202729
205439
205707
203204
206340
199738
196484
202308
204400
201063
201459
202491
196290
203848
209486
201675
208745
201695
195329
201947
206027
206582
203122
195093
200882
207615
206759
200327
207712
205635
198024
206738
205351
203178
202252
200362
201214
204957
205792
212109
203413
203821
198311
198812
208522
201104
202319
208717
209179
204898
202336
202627
204134
202297
205479
202825
205199
205165
200284
202899
197805
200132
198164
192123
202827
206018
195439
198999
200110
204814
203610
199875
208354
204928
208471
203282
211856
214213
194817
200279
202431
208343
206387
206603
201420
197315
207154
195457
212209
204059
203725
199911
194793
198971
204271
203224
199374
205189
204152
205471
205884
198363
200557
210086
210208
202729
200379
197353
208063
206287
199236
209245
202131
204214
203714
202643
207467
201321
211453
204300
206496
203435
202659
196143
200330
196762
204864
201938
199958
198307
203661
201745
211494
203342
201302
199686
201261
197113
201738
201088
203831
203772
204305
209010
199673
200791
206514
197173
205850
198821
205265
204716
200024
203786
205680
200736
201639
200180
205819
202333
200688
203608
203662
203620
203383
212256
202980
202859
200057
205963
197570
200076
202552
199681
204121
210733
203441
207694
205855
204046
204924
204222
218778
203785
203956
206069
199960
210516
204118
206078
199149
198102
197851
202341
203927
204660
200414
198554
198040
209810
201125
199667
204068
196823
197726
204989
207718
206740
205008
203464
198672
206168
204691
206149
200489
199627
208465
202603
199435
201253
200819
196913
197821
209881
202862
191584
201007
205796
201235
193758
202350
195479
199486
201598
207986
206712
198110
202033
198108
193090
203273
205770
208528
198526
202962
203325
203862
203881
205751
205399
202857
212358
209369
200773
195804
200122
204196
199467
197341
197050
207197
203702
202528
196987
204576
207470
200285
206841
200705
205487
193009
204510
208300
202161
205258
198401
200542
202343
200531
204538
195114
197658
199530
204079
195048
198547
203311
203986
204562
203652
211080
203677
202875
199740
200899
205418
204952
210351
203405
204094
204295
202284
206567
204720
203867
202449
204596
203007
202837
204676
205030
205101
197249
210719
198616
198639
205166
203945
207580
200982
206645
205723
203456
201232
197472
202360
209140
203771
199849
204111
204317
199941
200451
204131
205561
185241
196485
210508
201058
205035
209137
206048
197587
206707
203145
200549
204239
211222
208508
201339
207280
202097
203667
209813
200505
197247
204783
202018
202319
212511
211112
209458
206580
206338
205331
202170
206885
197171
199166
207654
200691
203911
206744
208023
206611
211177
195560
202754
202380
195549
206862
199957
200396
204770
213444
200309
199748
199142
202564
195642
203106
209725
198780
202953
205348
194256
206588
201060
202155
196004
209827
206478
196069
203413
212709
206502
199866
203171
205451
192478
209443
200431
206392
212713
205384
203669
202258
201684
197584
200150
204426
203933
201387
199150
201091
206847
197521
209566
207021
201273
198519
190044
196472
200842
208005
196936
203784
200849
201624
201806
204970
212094
203664
198578
200498
195603
200071
206930
200555
195458
199281
203569
208473
203534
212966
202015
208008
202753
195631
208560
197149
203056
196483
200268
197213
202306
203776
202021
196156
201888
197800
204749
201220
205255
202174
205267
197027
216829
200254
200177
198900
200883
206171
204508
203419
199764
206556
206899
193734
194855
199539
209936
192013
207490
202339
201506
198473
206322
205689
204308
206242
203010
197172
208786
201211
200686
201172
200914
193235
201900
205353
191376
203753
197475
204384
204852
209826
207287
202693
205651
203915
203098
214175
203623
207467
207393
202677
207811
199391
200765
207651
201173
205977
205777
207282
196196
201273
204263
205340
200419
205672
198674
201099
191817
196589
197998
205562
201289
203792
196088
200647
208408
206325
208530
199922
209204
204411
210265
203719
199383
203650
202485
202590
198149
192181
202428
205182
207738
202250
205321
199935
196334
197393
196092
207536
203290
201177
205539
203737
207990
208620
205557
203161
206999
199557
200525
199731
205585
207130
198455
200876
208296
203493
201526
195353
205732
206799
210252
202609
195339
195643
194845
200194
202434
196109
205778
199118
199806
213525
201117
200490
204520
210922
203567
191118
208512
202931
203457
201547
198795
198305
206636
203894
207153
204719
205431
193238
205290
213153
203749
200272
193827
192588
196887
199483
199634
195205
208087
199662
205819
201225
194432
208831
205677
202486
192901
198451
208792
198831
203542
200957
205559
195778
201930
191413
204018
208632
195864
195169
207048
193601
205369
204260
196190
204690
201194
203673
204960
204952
200155
208111
200866
200749
207045
202206
210626
203835
208022
202138
204002
201174
195981
202185
202102
198742
201016
200040
199108
202567
193661
205387
203820
196704
200541
203843
207444
202335
204875
201751
203485
203174
196013
204974
205073
201439
201688
206774
206412
201816
200221
197183
200462
194491
201328
204584
204444
205618
199047
205937
205738
200232
206888
204023
199040
208061
197620
199633
202347
202996
199665
198189
204347
204849
208322
204454
202473
207031
203301
196862
197832
194895
210472
200727
206061
204942
207018
198326
204630
203163
202857
196738
213795
203440
196391
204795
201920
207081
205554
206030
206471
199157
205660
206416
193532
201340
199994
200103
205116
200572
202337
200329
193524
198092
202436
207268
205971
208520
195534
203534
190047
201922
200266
200407
207681
205111
199352
200909
201226
206462
202379
206281
196274
202109
210480
205192
209080
206477
205669
214220
199110
206588
197318
204253
203665
204196
198413
205481
202324
205931
207330
201028
199411
200231
197174
205371
205548
199517
205803
191423
193213
200174
202001
198435
208919
197076
205693
196992
206220
202109
196238
203816
211819
199619
194026
195272
198357
208691
200681
196636
200742
200362
193768
194194
196087
200662
199370
202299
211235
202478
206902
198572
209915
204423
199576
206332
206655
199940
201655
208048
202011
200976
210612
196439
207155
203223
203320
199039
199298
205764
203043
199829
206511
200836
206374
202659
199243
209436
201015
205128
200014
201723
209584
201592
205850
198222
208192
203231
200761
197003
192438
200098
192944
204691
203608
201435
200983
203947
206695
199937
196906
198814
199222
203364
200355
202260
203595
208169
201631
206951
200644
202738
205180
199104
208896
200767
208045
208862
197520
207288
198280
207752
207932
213884
207308
199967
199650
200401
201253
197194
201729
197310
196927
205376
208202
196768
197186
207496
204907
200897
197317
203907
204263
206136
207063
200786
203018
211651
205160
204398
208951
200917
202731
203097
203206
207032
207210
197788
198529
199083
196600
205318
206616
198032
208349
201373
202463
196119
202091
198652
196273
197369
200789
201828
202930
203444
212456
200226
198538
202925
198348
201005
198336
199854
196368
197140
202530
206111
200569
199693
196114
194917
204981
202554
202203
201506
201486
197954
208094
201955
203035
198492
207969
201850
200157
191684
201702
199715
203554
199687
202176
207622
197645
196134
202004
199335
205239
200997
210986
208462
202933
205686
205352
208250
201526
204559
200251
200842
195304
210739
204614
203114
204102
200693
192848
202263
202700
210971
215207
198086
199643
199493
207480
202132
205430
208211
198077
199805
205021
199250
203069
203466
204864
203288
199837
204539
197791
210209
206047
201348
190211
204233
200099
205545
198805
202071
200873
205468
197565
206853
201699
204169
193424
201494
201802
202357
195783
208161
204855
205023
198541
202038
208754
204691
199233
193285
201170
188247
203623
204422
209429
208176
200535
192931
197351
204053
195921
198993
202950
212224
192661
207453
198531
198747
204672
212844
192279
201767
210876
207599
205134
205282
190575
198748
201700
187378
205242
200108
211175
197422
193792
202195
200549
209910
203434
205666
196673
207440
211428
204817
204563
200676
200259
204670
195802
203950
198892
195071
203194
210917
206023
197187
193571
202128
206797
202773
215250
208117
196354
201287
210229
205045
203146
206202
195562
211547
194418
203736
207890
202353
187501
198886
223203
207666
200155
204942
206760
203096
206867
199307
201281
197572
204888
199456
199915
200893
196749
203710
193422
203714
204501
199247
204396
191952
204696
201415
204259
191883
202939
205897
202411
208546
201417
200246
201983
203481
203021
208517
205400
207731
207323
196890
200915
204109
197924
201582
202497
199269
201141
205206
208938
201442
200892
207778
202949
200380
203081
200900
202199
201120
202320
197343
205373
197991
202812
203894
213751
200713
198136
203394
203210
201008
206717
201205
206881
206157
197297
200106
199955
201250
205058
201692
200257
199701
202797
198349
197785
197085
208311
207696
197254
204248
204262
199131
207930
197219
202882
203471
199907
204806
198743
200117
206279
206473
203576
205463
199137
202856
199466
204829
204117
198538
198951
196593
201847
204135
204582
202688
193829
204068
205512
204147
202315
205261
206404
201838
197050
204670
200274
195956
209216
202128
202133
201878
200564
206764
205033
205804
197056
199094
204021
205472
207480
205540
206437
198435
201150
202279
210293
196083
203042
204833
199530
201639
203311
199392
199908
207468
199229
204936
202328
200344
206518
198269
209430
196085
208524
203404
195123
203167
193282
200309
198027
208821
205244
206693
203198
202004
207752
197838
202969
200401
206250
202777
192809
201776
196105
200766
196077
204331
200776
200352
203988
198212
199130
204377
204364
208673
203651
205660
191114
194221
198207
199841
210017
207041
193986
193436
201087
200912
208930
192527
199379
209067
202117
204484
195738
206232
202923
205487
205476
202521
191922
211988
200904
196869
205085
206391
205408
200363
198212
208458
213326
194847
196069
204386
202623
204265
198939
199525
210598
202166
201616
207332
205526
211302
207460
193546
203663
201762
200715
201405
196261
202557
202097
203057
203379
209314
214496
209437
200924
197625
199976
208230
206844
204136
205149
202392
203201
204593
201051
200160
196629
203932
204122
207850
203989
211831
197604
197440
203851
217141
209924
200160
201993
198983
195078
206400
202361
194270
201885
203580
205267
205052
196313
202641
211788
203155
206511
206412
201531
200470
204572
204309
199962
207943
203491
212190
197194
199463
201438
200465
199762
202615
203077
204055
204252
209381
203903
203683
203493
208092
200632
204247
203635
191403
202762
198876
202129
202322
200810
202941
201178
203723
200555
202610
201908
199238
205482
201643
207920
206100
191383
198376
199788
206919
197402
199465
197290
202979
209292
212692
202677
206422
200661
205753
208135
200341
203993
198845
195701
198218
197612
197686
203104
196406
203208
210877
197793
202258
201162
199193
202800
197498
203460
207264
206892
204314
202161
196654
204992
198666
200069
208720
201710
207000
198594
207951
198886
200854
200614
201431
206442
205790
200976
204606
202184
203608
195233
208494
206817
201135
208694
204563
204208
204123
196671
214863
202677
209855
201612
203830
202935
201039
209374
206783
207170
200534
196289
192749
205787
189455
199648
196831
199827
198728
203086
203117
199078
204507
204775
200098
202674
200734
201917
202217
205252
200127
208325
210057
204403
205005
202646
201818
206295
212020
201179
205391
199365
206347
199347
206907
195955
202997
199872
198053
201677
205946
206121
201771
206335
204544
202114
201322
204489
208749
198280
205499
196309
204489
197072
206079
201849
198620
195288
198437
204139
196312
201521
203938
203508
201783
194102
205547
211217
205472
199890
205212
200416
203331
210294
202638
205188
203647
196555
201503
201181
202765
199649
203251
207113
202482
206108
212928
209652
203454
198690
200337
197133
200891
204984
197759
201369
198087
194503
193780
207990
197704
203695
202333
203858
204986
199404
201266
205557
200640
199342
200979
199574
195343
205727
208224
202191
194241
203535
200590
203104
207512
200879
201493
199888
201472
204079
204240
201213
207160
209300
200196
201038
197547
210636
204049
196846
207868
199902
199393
203033
191310
205053
202579
202155
198528
197641
202441
197704
202573
204093
200953
203852
202711
194639
205845
204082
201111
203274
203042
199318
207821
209166
191702
205177
196522
191816
201905
192224
204375
206654
202726
204165
206238
203022
199303
189127
198115
204532
199612
201363
199852
200274
203250
194761
207060
207352
197527
204493
197773
208464
197266
200104
203475
192301
202545
199610
198335
201687
198265
199200
198497
204597
211760
197868
204117
203825
207218
208048
209183
203231
201651
200734
194244
199812
203995
193991
196902
199465
200607
207161
206000
205406
200911
215371
201988
208348
202196
196399
197865
209528
198418
201820
204401
197284
205618
197813
201060
199781
204850
195518
201385
201338
201263
204805
201312
211694
202237
201112
197697
206164
202678
197557
207238
203498
196711
195583
206501
202120
208840
206965
200115
206682
199072
195513
199337
203928
207173
206331
199652
207584
204140
205095
198738
208020
196653
200247
208161
204672
205565
204885
198316
208150
207647
207055
199788
201232
200110
